>>>>>>>>>>>>>>>>>>>>>>>>>>>>>>>>>>>>>>>>>>>>>>>>>>>>>>>>>>>>>>>>>>>>>>>>>>>>>>>>>>>>>>>>>>>>>>>>>>>>
P = 0.8924415557186288	[3, 3, 3]	9
P = 0.9469546074011951	[3, 3, 4]	10
P = 0.9729531397421113	[3, 3, 5]	11
P = 0.9894118880385785	[3, 3, 6]	12
P = 0.9941293636649544	[3, 3, 7]	13
P = 0.9959115211238075	[3, 3, 8]	14
P = 0.8988363560121606	[3, 4, 3]	10
P = 0.9470594401928923	[3, 4, 4]	11
P = 0.9752594611594507	[3, 4, 5]	12
P = 0.9884683929133032	[3, 4, 6]	13
P = 0.9955970227487158	[3, 4, 7]	14
P = 0.9971695146241745	[3, 4, 8]	15
P = 0.9011426774294999	[3, 5, 3]	11
P = 0.9489464304434427	[3, 5, 4]	12
P = 0.9727434741587169	[3, 5, 5]	13
P = 0.9893070552468812	[3, 5, 6]	14
P = 0.9952825243736241	[3, 5, 7]	15
P = 0.9963308522905965	[3, 5, 8]	16
P = 0.8975783625117937	[3, 6, 3]	12
P = 0.947373938567984	[3, 6, 4]	13
P = 0.9751546283677535	[3, 6, 5]	14
P = 0.9877345633714226	[3, 6, 6]	15
P = 0.9936051997064682	[3, 6, 7]	16
P = 0.9966453506656883	[3, 6, 8]	17
P = 0.897263864136702	[3, 7, 3]	13
P = 0.9466401090261034	[3, 7, 4]	14
P = 0.9762029562847259	[3, 7, 5]	15
P = 0.9904602159555509	[3, 7, 6]	16
P = 0.9940245308732572	[3, 7, 7]	17
P = 0.9962260194988992	[3, 7, 8]	18
P = 0.8956913722612433	[3, 8, 3]	14
P = 0.9427612957333054	[3, 8, 4]	15
P = 0.9772512842016983	[3, 8, 5]	16
P = 0.9890973896634867	[3, 8, 6]	17
P = 0.9943390292483489	[3, 8, 7]	18
P = 0.9963308522905965	[3, 8, 8]	19
P = 0.8909738966348674	[4, 3, 3]	10
P = 0.9507285879022959	[4, 3, 4]	11
P = 0.9752594611594507	[4, 3, 5]	12
P = 0.991403711080826	[4, 3, 6]	13
P = 0.9961211867072021	[4, 3, 7]	14
P = 0.9990565048747249	[4, 3, 8]	15
P = 0.9001991823042248	[4, 4, 3]	11
P = 0.9512527518607821	[4, 4, 4]	12
P = 0.9780899465352763	[4, 4, 5]	13
P = 0.9893070552468812	[4, 4, 6]	14
P = 0.9968550162490827	[4, 4, 7]	15
P = 0.9988468392913303	[4, 4, 8]	16
P = 0.9019813397630779	[4, 5, 3]	12
P = 0.9493657616102317	[4, 5, 4]	13
P = 0.9777754481601845	[4, 5, 5]	14
P = 0.989202222455184	[4, 5, 6]	15
P = 0.9966453506656883	[4, 5, 7]	16
P = 0.9990565048747249	[4, 5, 8]	17
P = 0.8941188803857847	[4, 6, 3]	13
P = 0.9491560960268371	[4, 6, 4]	14
P = 0.9756787923262397	[4, 6, 5]	15
P = 0.9903553831638536	[4, 6, 6]	16
P = 0.9950728587902296	[4, 6, 7]	17
P = 0.9985323409162385	[4, 6, 8]	18
P = 0.9019813397630779	[4, 7, 3]	14
P = 0.9492609288185344	[4, 7, 4]	15
P = 0.9742111332424782	[4, 7, 5]	16
P = 0.9895167208302758	[4, 7, 6]	17
P = 0.9944438620400461	[4, 7, 7]	18
P = 0.9984275081245414	[4, 7, 8]	19
P = 0.9017716741796834	[4, 8, 3]	15
P = 0.9469546074011951	[4, 8, 4]	16
P = 0.9735821364922947	[4, 8, 5]	17
P = 0.9896215536219729	[4, 8, 6]	18
P = 0.9955970227487158	[4, 8, 7]	19
P = 0.9985323409162385	[4, 8, 8]	20
P = 0.9005136806793165	[5, 3, 3]	11
P = 0.9460111122759199	[5, 3, 4]	12
P = 0.9750497955760562	[5, 3, 5]	13
P = 0.9898312192053674	[5, 3, 6]	14
P = 0.9963308522905965	[5, 3, 7]	15
P = 0.9989516720830276	[5, 3, 8]	16
P = 0.9070133137645455	[5, 4, 3]	12
P = 0.9503092567355069	[5, 4, 4]	13
P = 0.977985113743579	[5, 4, 5]	14
P = 0.9896215536219729	[5, 4, 6]	15
P = 0.996540517873991	[5, 4, 7]	16
P = 0.9982178425411469	[5, 4, 8]	17
P = 0.8978928608868855	[5, 5, 3]	13
P = 0.9452772827340392	[5, 5, 4]	14
P = 0.9773561169933955	[5, 5, 5]	15
P = 0.9897263864136702	[5, 5, 6]	16
P = 0.9970646818324772	[5, 5, 7]	17
P = 0.9987420064996331	[5, 5, 8]	18
P = 0.8995701855540413	[5, 6, 3]	14
P = 0.9477932697347731	[5, 6, 4]	15
P = 0.9766222874515148	[5, 6, 5]	16
P = 0.9903553831638536	[5, 6, 6]	17
P = 0.9959115211238075	[5, 6, 7]	18
P = 0.9988468392913303	[5, 6, 8]	19
P = 0.9013523430128945	[5, 7, 3]	15
P = 0.948631932068351	[5, 7, 4]	16
P = 0.9748401299926617	[5, 7, 5]	17
P = 0.9909843799140371	[5, 7, 6]	18
P = 0.9969598490407799	[5, 7, 7]	19
P = 0.9986371737079358	[5, 7, 8]	20
P = 0.8952720410944544	[5, 8, 3]	16
P = 0.9497850927770206	[5, 8, 4]	17
P = 0.9773561169933955	[5, 8, 5]	18
P = 0.9904602159555509	[5, 8, 6]	19
P = 0.9955970227487158	[5, 8, 7]	20
P = 0.9986371737079358	[5, 8, 8]	21
P = 0.8974735297200964	[6, 3, 3]	12
P = 0.9471642729845896	[6, 3, 4]	13
P = 0.97756578257679	[6, 3, 5]	14
P = 0.990040884788762	[6, 3, 6]	15
P = 0.9961211867072021	[6, 3, 7]	16
P = 0.9989516720830276	[6, 3, 8]	17
P = 0.8957962050529406	[6, 4, 3]	13
P = 0.9514624174441766	[6, 4, 4]	14
P = 0.9756787923262397	[6, 4, 5]	15
P = 0.9890973896634867	[6, 4, 6]	16
P = 0.9962260194988992	[6, 4, 7]	17
P = 0.9984275081245414	[6, 4, 8]	18
P = 0.8982073592619771	[6, 5, 3]	14
P = 0.9521962469860572	[6, 5, 4]	15
P = 0.9787189432854597	[6, 5, 5]	16
P = 0.9895167208302758	[6, 5, 6]	17
P = 0.9964356850822937	[6, 5, 7]	18
P = 0.9989516720830276	[6, 5, 8]	19
P = 0.8974735297200964	[6, 6, 3]	15
P = 0.9513575846524793	[6, 6, 4]	16
P = 0.9769367858266066	[6, 6, 5]	17
P = 0.990040884788762	[6, 6, 6]	18
P = 0.996540517873991	[6, 6, 7]	19
P = 0.9988468392913303	[6, 6, 8]	20
P = 0.8985218576370688	[6, 7, 3]	16
P = 0.9494705944019289	[6, 7, 4]	17
P = 0.9737918020756893	[6, 7, 5]	18
P = 0.9902505503721564	[6, 7, 6]	19
P = 0.9969598490407799	[6, 7, 7]	20
P = 0.9984275081245414	[6, 7, 8]	21
P = 0.8956913722612433	[6, 8, 3]	17
P = 0.9494705944019289	[6, 8, 4]	18
P = 0.9773561169933955	[6, 8, 5]	19
P = 0.9906698815389454	[6, 8, 6]	20
P = 0.9951776915819268	[6, 8, 7]	21
P = 0.9989516720830276	[6, 8, 8]	22
P = 0.9011426774294999	[7, 3, 3]	13
P = 0.948631932068351	[7, 3, 4]	14
P = 0.9778802809518817	[7, 3, 5]	15
P = 0.9896215536219729	[7, 3, 6]	16
P = 0.9968550162490827	[7, 3, 7]	17
P = 0.9989516720830276	[7, 3, 8]	18
P = 0.9040779955970227	[7, 4, 3]	14
P = 0.9504140895272041	[7, 4, 4]	15
P = 0.9789286088688541	[7, 4, 5]	16
P = 0.991403711080826	[7, 4, 6]	17
P = 0.9968550162490827	[7, 4, 7]	18
P = 0.9984275081245414	[7, 4, 8]	19
P = 0.8999895167208303	[7, 5, 3]	15
P = 0.9474787713596813	[7, 5, 4]	16
P = 0.9743159660341755	[7, 5, 5]	17
P = 0.9897263864136702	[7, 5, 6]	18
P = 0.996540517873991	[7, 5, 7]	19
P = 0.9988468392913303	[7, 5, 8]	20
P = 0.8951672083027571	[7, 6, 3]	16
P = 0.9520914141943599	[7, 6, 4]	17
P = 0.97756578257679	[7, 6, 5]	18
P = 0.9899360519970647	[7, 6, 6]	19
P = 0.9967501834573854	[7, 6, 7]	20
P = 0.9990565048747249	[7, 6, 8]	21
P = 0.9010378446378027	[7, 7, 3]	17
P = 0.9511479190690848	[7, 7, 4]	18
P = 0.9768319530349093	[7, 7, 5]	19
P = 0.9893070552468812	[7, 7, 6]	20
P = 0.9954921899570186	[7, 7, 7]	21
P = 0.9992661704581193	[7, 7, 8]	22
P = 0.8962155362197295	[7, 8, 3]	18
P = 0.9454869483174337	[7, 8, 4]	19
P = 0.9764126218681204	[7, 8, 5]	20
P = 0.9919278750393123	[7, 8, 6]	21
P = 0.9960163539155048	[7, 8, 7]	22
P = 0.9994758360415138	[7, 8, 8]	23
P = 0.9003040150959221	[8, 3, 3]	14
P = 0.9515672502358737	[8, 3, 4]	15
P = 0.9738966348673865	[8, 3, 5]	16
P = 0.9893070552468812	[8, 3, 6]	17
P = 0.9963308522905965	[8, 3, 7]	18
P = 0.9986371737079358	[8, 3, 8]	19
P = 0.8977880280951882	[8, 4, 3]	15
P = 0.9508334206939931	[8, 4, 4]	16
P = 0.9789286088688541	[8, 4, 5]	17
P = 0.9908795471223398	[8, 4, 6]	18
P = 0.9958066883321103	[8, 4, 7]	19
P = 0.9986371737079358	[8, 4, 8]	20
P = 0.9013523430128945	[8, 5, 3]	16
P = 0.9517769158192683	[8, 5, 4]	17
P = 0.9791382744522487	[8, 5, 5]	18
P = 0.989202222455184	[8, 5, 6]	19
P = 0.9955970227487158	[8, 5, 7]	20
P = 0.9990565048747249	[8, 5, 8]	21
P = 0.8995701855540413	[8, 6, 3]	17
P = 0.9513575846524793	[8, 6, 4]	18
P = 0.9778802809518817	[8, 6, 5]	19
P = 0.9903553831638536	[8, 6, 6]	20
P = 0.996540517873991	[8, 6, 7]	21
P = 0.9985323409162385	[8, 6, 8]	22
P = 0.8999895167208303	[8, 7, 3]	18
P = 0.9489464304434427	[8, 7, 4]	19
P = 0.9756787923262397	[8, 7, 5]	20
P = 0.9904602159555509	[8, 7, 6]	21
P = 0.9959115211238075	[8, 7, 7]	22
P = 0.9988468392913303	[8, 7, 8]	23
P = 0.8990460215955551	[8, 8, 3]	19
P = 0.9519865814026628	[8, 8, 4]	20
P = 0.9802914351609183	[8, 8, 5]	21
P = 0.9904602159555509	[8, 8, 6]	22
P = 0.9961211867072021	[8, 8, 7]	23
P = 0.9984275081245414	[8, 8, 8]	24

最优结果为：
P = 0.9990565048747249	[4, 3, 8]	15
