/usr/local/bin/python3 "/Users/fox/雪狸的文件/Programma/Statistica-model/001 -  Получение базовой последовательности псевдослучайных чисел и тестовые проверки его работы/main.py"
--------------------------------------------------
n = 10
M   = 0.49547065862535156
M_S = 0.0045293413746484434
D   = 0.04186910606431271
D_S = 0.04146089393568729


9
[ 0.33006935  0.2283182  -0.24312996 -0.30203952 -0.32794292 -0.20249487
 -0.01439277  0.08026044 -0.04864795]
--------------------------------------------------
n = 100
M   = 0.5030004438204732
M_S = -0.003000443820473153
D   = 0.0925795835824175
D_S = -0.009249583582417495


99
[ 7.85265353e-02 -1.15350934e-01 -2.38649809e-01 -7.32682532e-03
  1.14022001e-01 -1.07455692e-02 -9.81913018e-02 -5.68292165e-02
  5.19516623e-02 -5.10862492e-02 -1.16979945e-01  1.92626468e-02
  1.44677534e-01  1.65505535e-01  7.08731050e-02 -1.55790572e-01
 -1.51585063e-01 -7.57790026e-02  1.26725187e-01 -1.73473560e-02
 -3.26283148e-02  2.23090759e-02 -1.42428195e-01 -7.59196459e-02
  5.32526198e-02  1.74004036e-01  1.18390094e-01  1.95943370e-02
 -9.95327114e-02 -3.90240046e-02 -9.12767450e-03 -6.76707670e-02
 -4.84546040e-02  3.59085171e-02 -8.82915330e-02 -5.27547125e-02
 -6.21992854e-02  1.97114569e-02  2.67734951e-02  5.51867443e-02
  5.79346927e-02 -2.91195527e-02  2.14424747e-02 -3.99970702e-02
  5.27929070e-02 -8.01143006e-02  1.13265717e-01  4.95128374e-02
 -6.61233662e-02 -4.98601902e-02 -6.80878340e-02  4.91837332e-02
  9.04264527e-02 -5.39434035e-02  6.91705810e-03  2.11431068e-02
 -5.44143733e-02 -5.10649597e-02  2.51140165e-02  1.06149762e-01
 -3.82843042e-02 -6.39294902e-02 -2.37870482e-02 -1.45285209e-02
  4.25185245e-02 -5.18566742e-02 -1.58696321e-02 -1.22143071e-02
  9.22067237e-02 -4.17296014e-02 -8.79581884e-02  8.78873983e-05
  6.06960537e-02  1.42390137e-01  1.42232087e-02 -1.95561218e-01
 -1.10837873e-01  7.01610527e-02  1.03316991e-01 -1.24430341e-02
 -4.81664906e-02  1.16208700e-02  6.79486528e-02  3.32011047e-02
 -3.29046071e-02 -4.19931341e-02  4.16965194e-02  4.45203867e-02
  1.19686887e-02 -2.60428676e-02 -1.74628541e-02  2.68203347e-02
  4.80748408e-02  8.11653646e-03 -5.95515345e-02 -4.50712518e-02
  3.80380825e-03  1.51638852e-02  1.75174269e-02]
--------------------------------------------------
n = 1000
M   = 0.5038662144474335
M_S = -0.0038662144474335136
D   = 0.08211316509344241
D_S = 0.0012168349065575929


999
[ 6.83471927e-02  6.37329685e-03  2.61076088e-02 -1.15694723e-02
 -1.05848762e-02 -1.35179136e-02  1.16684100e-02  1.69704123e-02
  1.57032411e-02 -3.62170480e-02 -5.29032808e-02 -1.17974291e-02
 -4.06538888e-02 -2.24884002e-02  2.05795508e-02 -1.69970551e-02
  3.62991919e-02  1.55728295e-02  2.50135265e-02 -7.30666903e-02
 -1.15528160e-03 -5.80015542e-03 -4.18646751e-02  6.06918717e-03
 -1.93106038e-02  2.30505776e-03 -3.42525075e-03 -5.06729010e-02
  1.80496682e-02  3.30221375e-02 -1.77470653e-02 -6.68475921e-02
  2.64473896e-02 -1.38323818e-02  2.00434763e-02 -1.13302423e-02
 -2.41776138e-02  1.16236699e-02  3.92442665e-02 -2.21472356e-03
  1.42500821e-02  6.48626424e-03  1.77809335e-02  7.82603043e-03
 -3.62215425e-02  2.24588858e-02 -3.76919421e-02  7.07281068e-03
 -3.34650742e-02  5.30254837e-02  1.85885530e-02 -5.34904190e-03
 -3.44351644e-02  4.30424704e-02 -9.84864279e-03  1.76259598e-02
  1.09420747e-02 -8.21299274e-03 -2.01774675e-02 -2.44223696e-02
 -5.13594498e-02 -2.39839243e-02 -3.15500152e-02 -1.07402631e-01
 -6.43169352e-02 -9.33695924e-03  1.17903659e-02  6.85164203e-02
  1.55901554e-02 -2.73571061e-02 -5.59453301e-02 -2.75960206e-02
  1.20575992e-02  7.66399958e-04  1.84117558e-02  3.16506682e-04
  1.17510402e-02 -1.20413278e-02  8.20684687e-03  2.04183629e-02
 -1.47873337e-04  3.30115391e-03 -1.15158437e-02  4.26132544e-03
  2.56462358e-02  1.44359092e-02  7.32004957e-04 -2.33198997e-02
 -2.25907961e-02  3.73584807e-02  4.00985235e-03  2.66587599e-02
  5.19311981e-02 -2.66520187e-02 -2.40746106e-02  1.22365059e-02
  5.90547610e-02  6.56492509e-02  2.08170564e-02 -8.51386060e-03
  1.44987219e-02 -7.01195462e-03 -5.64741713e-02 -4.23657207e-02
  3.74572593e-02 -2.34790047e-02 -7.24495519e-02 -1.57018742e-02
  4.40941606e-02  4.09956888e-02  1.75725454e-02  1.86261813e-03
 -1.14531297e-02 -3.40693990e-02  1.03726079e-02 -1.99030764e-02
  3.83699626e-02  3.22494695e-02 -2.49984741e-03  2.16935803e-02
  6.02375929e-03 -2.02895208e-02  4.67760989e-02  3.36594898e-02
 -3.58702318e-02  3.67134337e-02 -3.26577606e-03 -8.17140291e-03
  2.83975919e-03  8.04518640e-03  1.80407699e-02  3.24092868e-02
 -3.47940442e-02  3.61152690e-02  4.74231230e-02  4.55226190e-02
 -3.62970266e-02 -1.66886526e-02  2.41289337e-02  5.56714598e-03
 -4.68129365e-02 -2.32655113e-02 -5.71989375e-03 -2.52847624e-02
 -4.96728176e-02 -5.30171509e-02  1.91146911e-02  2.38026309e-02
  5.28458789e-03 -1.85257420e-02 -9.55178632e-04 -2.28860063e-02
  2.89267843e-02 -1.91779920e-02  1.01240564e-02 -1.92721308e-02
 -4.11688516e-02 -1.91808440e-03  5.23297593e-03 -5.87802860e-03
 -6.35430651e-03 -3.56798045e-02 -1.81317635e-02 -1.56813296e-02
  3.94700238e-02 -1.29755381e-02  9.94269618e-03  2.71992923e-02
 -1.69842567e-02 -1.01113274e-02 -3.21018125e-02  1.26758945e-02
 -6.30923849e-03  2.38406276e-02  3.28598311e-03  3.71849111e-03
  5.15049987e-02  5.53890453e-02  1.46020393e-02 -1.54551013e-02
 -7.23574007e-02 -5.34035343e-03  3.75048683e-03  2.08639624e-02
  3.63654281e-02 -8.36813563e-04 -5.94956389e-02 -2.92951668e-02
 -1.90915944e-02  4.84217010e-04 -6.62607274e-03 -4.11921213e-03
 -5.19000304e-03  2.22807291e-03 -2.02307252e-02 -8.77819029e-02
 -2.59255981e-02  3.68216331e-02 -6.67175199e-02 -3.08182870e-02
  2.64621644e-02  2.99533584e-02  1.28833321e-02  1.95647855e-02
 -2.77225404e-02 -1.85741072e-02  2.18743066e-02 -2.36147096e-02
  1.03435780e-02  1.36422006e-02  7.96803613e-03  1.13361588e-02
  1.22625821e-02 -3.02655947e-02  1.13199392e-03  5.12441332e-02
  4.26926213e-02 -1.04565218e-02  6.17002050e-02 -8.24350529e-03
  5.03598444e-02 -1.36261321e-02 -3.24731400e-02 -4.29353032e-02
 -3.46523576e-02 -4.83764780e-02 -6.53762664e-03  8.25405825e-02
  1.56632540e-03  2.65653956e-02  2.74596830e-02  4.59385327e-03
 -5.15488169e-03  2.15132184e-02  1.01716153e-02  1.13151090e-02
 -1.36715767e-02 -2.55582225e-02 -3.29064155e-02 -2.17902405e-02
 -2.33558653e-02 -4.07499869e-02 -2.36669781e-02  4.19314656e-03
  2.08145488e-02  1.59799010e-02 -1.39713361e-03 -3.94113423e-02
 -9.73167123e-03 -2.70804964e-02  3.03082616e-02  3.07824420e-02
 -9.94490046e-04 -1.50548243e-02 -4.16418642e-02  2.69219463e-02
  3.20922738e-02  5.23964803e-02 -4.63330320e-04  3.35185600e-02
 -7.23642333e-03  4.11030279e-03 -1.19195344e-02 -3.63907244e-02
  3.44469658e-02 -3.31234211e-02  5.35327010e-03  5.35970975e-03
 -1.08987408e-02  4.13466034e-02  2.54018739e-02  2.93057008e-02
  2.89235488e-02  1.49321655e-02  1.38951404e-02 -2.79168449e-02
  2.32243034e-02  1.17626531e-02 -4.98878244e-02  4.59126875e-02
 -5.54394246e-02  1.29466605e-02 -2.49329482e-02 -2.12671743e-02
 -2.17885202e-02 -3.56066833e-02  4.83773323e-03  3.87579972e-05
 -2.53220387e-02 -1.32328808e-02 -2.01515243e-02 -7.84632346e-02
 -2.76112000e-02 -1.08359708e-02  6.48567237e-03  4.88838125e-03
  1.06755049e-03 -2.23459010e-02  1.31809945e-02 -1.03540992e-02
  1.95846504e-02  2.73226322e-04  7.14393001e-02  4.43061207e-03
 -3.49248873e-02  6.05737630e-03  2.22267354e-03 -2.58602631e-03
 -2.83911554e-02  9.51696626e-03  2.11275195e-02  3.33760073e-02
  5.46634405e-03 -1.52144265e-02  3.05716788e-03 -1.10242600e-02
  1.90443755e-02  2.04683221e-02  2.67783500e-02 -2.09667537e-02
 -2.10755460e-02 -4.81346348e-02 -8.31443427e-02 -3.00558594e-02
  2.28861097e-02 -6.76220687e-03  3.10994800e-02  4.84114074e-02
 -3.32968787e-02  3.24883617e-02 -1.75325740e-02 -8.36292487e-03
  2.00100209e-02  1.20993949e-02 -6.13686424e-02  2.21605321e-02
  3.56823571e-02 -4.30749682e-02 -3.91261033e-02  1.51065680e-02
 -3.08824735e-02  7.99189126e-03  9.34994332e-03 -5.83469364e-03
  3.46259036e-02  1.43377346e-03  3.03566611e-02  3.49228951e-03
  2.25465925e-02  6.52433365e-03  3.79727201e-02  6.78085262e-04
  2.11793018e-02  3.21984100e-03  2.71030983e-02 -9.57124852e-03
  1.67535533e-02  2.43271917e-03 -2.13570816e-02 -1.05192893e-02
 -1.22207584e-02 -1.66334513e-02 -2.03755996e-02  5.94468164e-03
  5.62486182e-03 -1.82758091e-02 -8.00334636e-03  7.50013634e-03
  2.13649109e-02  1.34683991e-02  1.06384810e-03 -1.37466124e-02
 -1.76026064e-02 -3.40895942e-02 -2.83621980e-02  4.39757362e-03
  7.74511929e-03  1.71450247e-02  2.28241786e-03  9.15393170e-03
  7.31919609e-03  2.14225091e-02 -1.45157384e-02  7.21659621e-03
  3.67358098e-03  5.53252408e-02  4.54264042e-02  1.72801294e-02
 -2.11521350e-02  4.31452193e-03 -2.60840514e-03 -4.01160038e-02
  4.85744721e-02  2.10265327e-02  2.16975044e-02  2.28240977e-02
 -2.91227121e-02 -9.99075385e-03  9.65401050e-04  2.39042109e-03
 -4.00229655e-03 -1.02983189e-02  1.46984409e-02  2.54192099e-02
  2.27471171e-02 -1.06534167e-02  5.26019772e-03  2.57656918e-03
 -3.14794499e-02 -3.01285337e-02  1.31784561e-02  1.23251723e-02
 -1.94490357e-02 -8.07965682e-04 -8.15649558e-03 -7.89531494e-03
 -1.85189290e-02 -7.49539229e-02 -2.05596427e-02 -3.55019399e-02
 -2.81872802e-03 -1.50198640e-02  1.70304553e-02 -2.08733538e-02
  3.93751231e-02  3.50069931e-02 -1.99872702e-02  4.74187996e-03
  1.17062288e-02  2.06722517e-03 -2.17938371e-02  1.82315514e-02
 -7.97323108e-03 -2.75490548e-02  4.30928338e-02  4.60513934e-03
 -3.68993110e-02  2.85753363e-02 -5.54970953e-02 -3.93935610e-02
 -2.17055551e-03 -1.28898285e-02 -1.31548657e-02 -1.52665945e-02
  3.46568956e-02  2.99898093e-02  1.80274190e-02 -7.92971451e-03
 -2.15169239e-02  2.26142047e-02  2.25372499e-02 -2.23471128e-02
 -5.40257227e-02 -2.41238289e-02 -1.14939752e-02 -2.99880494e-03
  1.23135576e-02 -3.16243778e-02 -1.71845041e-03 -1.83655613e-04
  1.17509944e-02  5.70249729e-02  2.71120917e-02 -1.12076263e-02
  3.44338387e-02  5.61104675e-02  2.07226208e-02 -1.77977778e-02
 -1.98960699e-02 -1.44922926e-02  1.27043643e-02 -5.29352700e-03
  2.00730907e-03 -9.18697529e-03  2.10970149e-02 -5.79812399e-03
 -1.41056940e-02 -4.60339447e-03  1.22415976e-02  3.06243351e-02
  4.81035935e-02 -2.13502005e-02 -7.55436872e-03  4.73037740e-02
  3.01858773e-02  9.14336607e-03 -4.32803345e-03  1.50988517e-03
  1.69734851e-02 -1.40286114e-02 -3.29748919e-03  1.41845621e-02
 -6.44979721e-03 -2.26890219e-02  2.57288279e-03 -1.79718646e-02
  5.33239309e-03 -7.51817104e-03 -2.98332055e-02 -3.13968341e-02
  3.84608268e-02 -4.47329897e-03 -6.34023748e-03 -1.89395073e-02
  2.42379026e-02 -3.17936471e-02 -5.69692508e-03 -3.22310547e-03
 -2.93958148e-02  8.32632775e-03 -1.38887528e-02 -3.11773621e-03
  6.77268737e-03  9.94898472e-03 -1.27269543e-02  1.45888824e-02
  1.10581430e-02  1.56187785e-02  2.41351096e-02 -1.85846637e-02
 -1.70254920e-02  3.65666594e-02  1.94129333e-02  7.08271830e-03
  1.54246686e-02 -1.80477861e-02 -2.18406426e-02 -1.24187382e-02
 -3.03673033e-03 -3.51509169e-02  3.09148954e-02 -2.48325508e-02
 -1.64273475e-02  3.96161437e-02 -8.37277872e-03 -1.26721768e-02
 -2.02865997e-02  1.59662957e-02 -1.96166429e-02  1.94689230e-02
  1.31815298e-03 -4.50640211e-03  1.42715833e-02 -1.16837350e-02
 -9.97077322e-03 -8.63980136e-03  1.25352169e-02 -1.17327032e-02
 -5.37445592e-02 -2.86179775e-02 -2.33844922e-02 -2.10887331e-03
 -4.48456726e-04 -2.45009243e-02  1.52798786e-02  6.62224427e-03
 -3.48558738e-03  6.55285684e-03 -1.67054255e-02  1.67670515e-03
  1.63697428e-02  2.26103857e-02  2.48857703e-02  3.17003319e-02
 -9.62510768e-03 -3.04401733e-02 -3.12218931e-02 -4.76543596e-03
 -2.53727915e-02 -5.52902358e-04  1.18227356e-02  2.74739260e-02
 -2.38114470e-02  8.45976716e-03  6.87036475e-03  5.59468950e-03
  9.50443339e-03  8.19259014e-03  2.87610107e-02  3.51715221e-02
  2.85904249e-02 -1.41546448e-02  1.07851093e-02  1.37770956e-02
  2.48332437e-02 -1.20716151e-02 -3.74789012e-02 -1.48739826e-02
 -5.92852989e-03  4.29952925e-03  9.78904304e-03 -1.87865465e-02
 -2.07122598e-03 -1.20235711e-02 -3.88952962e-02 -4.39711597e-03
  2.06717337e-02  1.09000558e-02  1.66878242e-02  1.68116259e-02
  1.23116599e-03  2.68120274e-02 -5.35402142e-02 -1.58082170e-02
 -9.12535460e-03 -7.74104290e-03  1.74973390e-02 -6.59085152e-03
  1.28888578e-03  3.57079660e-02 -2.92974506e-02 -2.22200348e-02
 -2.72711849e-04  3.54640348e-02  3.42348725e-02  2.12894571e-02
 -1.13369540e-02  1.87052674e-02 -1.94559722e-02  2.03681772e-02
  2.86745433e-03 -2.34084785e-02  2.48306473e-02  1.28315941e-02
 -1.20611544e-02 -1.32706231e-02 -2.99748506e-03 -8.25812306e-03
  2.38046363e-02  3.42940678e-02  1.30619623e-02  5.31168462e-03
  3.18055624e-02 -2.59520300e-02  2.05772298e-02 -1.37097075e-03
 -1.95660696e-02 -1.33328825e-02 -2.89588218e-02 -1.21619146e-02
 -4.41905097e-02 -2.15916509e-02 -9.56404017e-03  1.96977960e-02
  8.19917790e-03 -1.96108423e-02  9.98575090e-03  8.82083236e-03
  1.40241753e-03  1.18483790e-02 -2.79429144e-03 -7.13965110e-03
  2.05630107e-02  9.14293737e-03 -1.02825677e-03 -4.45298121e-03
  1.99705954e-03  2.52126400e-02 -3.35156915e-03 -1.42017757e-02
 -2.26536746e-02  1.10813838e-02  1.12546788e-02  3.17094126e-02
  8.10165475e-03  1.06129766e-02 -2.37333926e-02 -1.02302735e-02
 -3.41344547e-02 -1.56217319e-02 -2.58003330e-03 -8.91500408e-03
  2.09593223e-02 -5.46902820e-03 -1.62297630e-02  5.64197399e-04
  1.04089724e-02  4.35794618e-03 -1.14921850e-02 -1.80219751e-02
  1.82148832e-02  1.24713872e-02 -3.47719473e-03 -7.66049259e-03
 -2.19521016e-02  9.83899735e-03 -1.23556453e-02 -2.24374523e-02
 -1.29133176e-02 -5.59382929e-03 -1.35111252e-02  2.76451184e-03
  7.29882720e-03  9.84222728e-03  2.84019872e-02  2.99345145e-03
  2.09811616e-02  2.38257736e-02  8.62854370e-03 -5.31006216e-03
  3.05516120e-02 -4.70805198e-03  3.29991308e-02 -5.76385703e-03
 -2.83745395e-03  9.18601436e-03 -1.46706720e-02  1.89664708e-02
 -3.33724011e-02 -2.22701067e-02  3.03760059e-03  2.85751104e-02
 -3.90867501e-03 -1.76864095e-02  1.97703612e-02  1.31116583e-02
 -2.65594604e-02  9.38938449e-03  3.21779058e-02  2.95490152e-02
  5.08422527e-03  2.25684244e-02  1.54399957e-02  6.83800516e-03
  1.06077887e-02 -4.79710004e-03 -1.21920479e-02  1.23560387e-02
 -1.87170596e-02  4.61961807e-04  9.14550607e-03  1.56667771e-02
  9.67386506e-03 -5.40167743e-03 -1.99903450e-02  1.01810585e-02
 -6.73436465e-03  1.14538956e-02  1.23900037e-02  4.03182302e-03
  3.04097581e-02  4.86683579e-03 -1.76419123e-02  3.79552761e-05
  2.20640514e-02  9.23012654e-03  1.40028588e-02 -7.57419710e-03
  8.59103128e-03  5.54370087e-03 -1.03180593e-02  1.73893037e-04
  2.79665854e-02  1.12272238e-02  3.79828634e-02  6.55850901e-04
 -1.18460625e-02 -2.23946738e-02 -4.03772563e-03 -1.20085207e-02
 -1.03151688e-02  1.34388103e-02  3.31437876e-02 -2.64335007e-02
 -2.14437412e-02 -1.87125168e-02 -3.16188817e-02  2.68774695e-03
 -1.36024415e-03 -6.97213117e-03 -3.11623638e-02  1.88909022e-02
 -1.22090597e-02 -1.32122063e-03 -1.53325875e-03 -1.47291458e-03
 -1.07079544e-02 -1.06479130e-02 -2.11556798e-02 -3.47678543e-03
  1.69805084e-02  1.78101473e-02 -1.60578099e-03 -2.35873494e-03
 -1.24873292e-02 -1.97237273e-02  4.12618576e-03  1.02959943e-03
  5.36815197e-03  3.61278403e-03  2.82561098e-02  2.98167682e-02
  2.40046904e-02  5.29011651e-03  2.76481540e-03  2.18111960e-02
 -9.57419332e-03  1.67829852e-02  1.98371003e-02  1.07646102e-03
  2.75526693e-03  1.35061510e-03 -8.64745925e-03 -2.00084749e-02
 -2.04173357e-02 -1.70222076e-02 -2.82771481e-02 -6.23261257e-03
  1.19686456e-02 -9.30914125e-03 -7.39299510e-03  3.47891301e-03
  1.33814288e-02 -2.69880667e-02  6.40779578e-03  7.24954099e-03
 -7.55400201e-03  2.30017107e-02 -1.55730708e-02 -1.74691020e-02
 -3.53443264e-03  7.07439632e-04 -2.58150344e-02 -1.04174797e-02
 -8.69972121e-03  4.03966320e-03 -2.37135818e-02 -6.48017374e-03
  9.27391904e-03  3.56606127e-03  2.41309951e-02  1.48299989e-02
 -2.85831640e-03 -3.56253884e-03  6.96079938e-04 -1.17942187e-02
  8.58259772e-03  1.63832389e-02  6.62143530e-03 -2.20729126e-02
  1.04778070e-02  8.52855196e-03 -8.60164622e-03 -1.28673400e-02
 -6.33142188e-03 -7.25770280e-03 -2.49957954e-02  1.85277638e-02
  4.13855209e-04  2.18068321e-02  2.28156633e-02  7.15751522e-03
 -1.40205489e-02 -2.00353353e-02 -1.72831894e-02  1.42593769e-02
 -3.19891534e-03  4.72274871e-03  1.75934776e-02  8.16391528e-03
 -6.49026382e-03 -1.08185552e-02 -4.56808539e-03 -1.22823408e-02
  4.80825753e-03  1.60277367e-02  2.78376989e-03 -1.40417431e-02
 -8.40863852e-03  9.33202049e-03  1.62018126e-02  1.21812744e-02
  7.87486331e-03  1.36268557e-02  1.59886451e-03 -1.81942543e-02
  8.99577412e-03 -2.48792125e-03 -2.29675864e-03  3.82843186e-03
  9.97674081e-03 -6.30658667e-03 -1.50493261e-02 -2.61222611e-03
 -2.27477979e-02 -1.05737455e-02  5.29496138e-03 -2.77143750e-03
  8.00057658e-03  5.04727301e-04  1.09368931e-03  1.97468249e-02
 -1.12590150e-02 -4.98997214e-03  1.07603137e-02  2.49805895e-03
 -8.09132899e-03 -2.22107869e-03 -4.27448502e-03 -9.65416523e-04
 -2.40666532e-03 -1.18585693e-02 -9.17411821e-03  4.10186154e-03
 -2.95179261e-03 -1.20240626e-02  1.23027318e-04  2.59763844e-03
 -3.39512315e-05  1.73901427e-02 -5.74323042e-03  4.53517800e-03
  2.38684241e-03 -7.44549005e-04 -1.08228621e-02 -2.72913608e-04
  1.03362827e-03 -2.99222982e-03 -5.69337177e-03 -5.18427993e-03
  1.36495252e-03 -5.14612783e-03  4.60186053e-03 -4.34802852e-03
 -1.49797553e-02 -1.59878429e-02  1.71652626e-02  2.09423318e-02
  6.03101993e-03  1.01532169e-03 -3.21629803e-03 -9.46004931e-03
  7.15118813e-04 -7.37896599e-03 -7.49498733e-04 -8.06112816e-04
 -5.96690638e-03 -7.03479273e-03 -1.20968396e-02 -1.00721484e-02
 -1.11455583e-02 -7.09767906e-04 -2.46858010e-05 -1.12832790e-02
 -1.09143032e-02  1.92049767e-03  6.15438040e-03  1.33254780e-02
 -2.01916198e-03  7.24089717e-04 -4.46147456e-03 -7.06927024e-03
 -6.43233252e-03 -9.86862700e-03  4.11740361e-05 -2.10688274e-03
 -9.38076849e-03 -5.22482782e-04 -9.19555386e-03  2.32899022e-03
  9.94380759e-03  1.07537088e-03  4.08455181e-03  8.29986276e-04
 -5.81235835e-05  4.73724711e-03  3.64201724e-03  4.92072996e-03
  1.00992777e-02  9.52536350e-05 -6.27087697e-03 -4.85686936e-03
  3.45707628e-04  1.60311378e-03 -3.98895942e-03 -7.05839002e-03
 -4.24336955e-03  1.55032937e-03 -5.55037402e-03 -1.53535721e-03
  4.22797887e-03 -4.25824103e-05  3.81740583e-03 -3.11348474e-04
 -3.08527058e-03  4.53843128e-05 -4.84216904e-03 -6.38613795e-03
  1.10135632e-03  2.68438820e-03 -1.57251418e-03 -4.41204488e-03
 -5.10997138e-03 -3.43668234e-04 -6.02324659e-04 -3.16398017e-03
 -1.28227657e-03  2.25483242e-03  1.95112843e-03]
--------------------------------------------------
n = 10000
M   = 0.5041297724042719
M_S = -0.004129772404271925
D   = 0.0831676645678381
D_S = 0.00016233543216190305


9999
[ 2.22970374e-02  1.29351023e-03  2.10432297e-02 ... -2.33841690e-05
  2.51420696e-04 -6.21620168e-05]
[0.0531, 0.0503, 0.0492, 0.0547, 0.0514, 0.0523, 0.0529, 0.049, 0.0523, 0.055, 0.0534, 0.0509, 0.0517, 0.0549, 0.0524, 0.0596, 0.052, 0.0512, 0.0537]

Process finished with exit code 0
