/usr/local/bin/python3 "/Users/fox/雪狸的文件/Programma/Statistica-model/003 - lab2+/main.py"
>>>>>>>>>>>>>>>>>>>>>>>>>>>>>>>>>>>>>>>>>>>>>>>>>> 
>>>>>>>>>>>>>>>>>>>>>>>>>>>>>>>>>>>>>>>>>>>>>>>>>> 
irnpoi(mu=4, size=100):
原数组: [ 5  4  2  3  8  3  2  6 10  3  5  2  6  6  4  5  4  3  6  6  5  3  5  5
  3  3  1  6  5  5  4  3  1  5  5  6  6  4  3  4  3  3  2  2  4  3  4  7
  3  4  5  4  5  5  2  5  4  2  6  4  5  2  5  4  5  6  2  3  5  2  5  0
  2  4  4  3  5  6  6  5  4  3  8  7  4  3  2  4  7  9  8  6  3  1  4  7
  1  7  4  4]  (Min: 0  Max: 10 )
元素数量 N: 100
区间数 n: 10
标准泊松频率数组: [0.01831564 0.07326256 0.14652511 0.19536681 0.19536681 0.15629345
 0.10419563 0.05954036 0.02977018 0.01323119]  shape: (10,) p_sum: 0.9918677572030665
随机泊松频率数组: [0.05 0.12 0.18 0.21 0.21 0.13 0.05 0.03 0.01 0.01]  shape: (10,) p_sum: 1.0
[EXP] Chi-square: 15.565345122742247
[OBS] Chi-square: 16.91897760462045
--------------------------------------------------



 >>>>>>>>>>>>>>>>>>>>>>>>>>>>>>>>>>>>>>>>>>>>>>>>>> 
irnpoi(mu=4, size=100):
原数组: [3 4 3 7 3 6 2 1 5 6 4 4 4 5 5 5 5 4 6 4 6 3 2 6 4 3 4 5 3 8 5 9 5 4 5 6 3
 9 3 6 7 7 3 3 5 6 3 3 4 6 3 4 4 4 4 5 1 4 4 1 9 3 2 5 2 0 4 2 2 4 5 4 3 4
 5 4 5 4 3 4 4 4 3 6 3 2 5 4 8 7 4 8 4 3 3 2 3 7 6 6]  (Min: 0  Max: 9 )
元素数量 N: 100
区间数 n: 9
标准泊松频率数组: [0.01831564 0.07326256 0.14652511 0.19536681 0.19536681 0.15629345
 0.10419563 0.05954036 0.02977018]  shape: (9,) p_sum: 0.9786365655120162
随机泊松频率数组: [0.04 0.08 0.21 0.28 0.16 0.12 0.05 0.03 0.03]  shape: (9,) p_sum: 1.0
[EXP] Chi-square: 14.813000559208325
[OBS] Chi-square: 15.507313055865454
--------------------------------------------------

进程已结束,退出代码0
